-90.14651043 29.6702822
-90.14651365 29.67027306
-90.14651906 29.67027894
-90.14638299 29.6701234
-90.14638978 29.67012016
-90.14638487 29.67011318
-90.17000808 29.66263775
-90.16999982 29.66263426
-90.16999701 29.66264006
-90.1702056 29.6626426
-90.17019881 29.66264462
-90.17019628 29.66263851
-90.05933313 29.54527536
-90.05934129 29.54526789
-90.05934103 29.54527445
-90.05929134 29.54547327
-90.05928932 29.54547975
-90.05928307 29.54547062
-90.07278988 29.53173527
-90.07278146 29.53173461
-90.07278054 29.5317411
-90.07267686 29.53152102
-90.07267248 29.5315291
-90.07267041 29.53152198
-90.08678117 29.52534261
-90.08678694 29.52533799
-90.08677891 29.52533285
-90.08678423 29.52560702
-90.08679204 29.52560752
-90.08679228 29.52559976
-90.0745988 29.51803112
-90.07459613 29.51803778
-90.07460641 29.51803201
-90.0746 29.518034
-90.080946 29.50538408
-90.08093774 29.50537676
-90.08093771 29.50538343
-90.08084558 29.50511217
-90.08085671 29.50511543
-90.08085449 29.5051096
-90.19996891 29.56869769
-90.19996521 29.56869342
-90.19997231 29.56869374
-90.19997065 29.56868982
-90.19997287 29.56869458
-90.20012616 29.56879997
-90.20013709 29.56879918
-90.2001321 29.56879485
-90.20013148 29.56880456
-90.143332 29.60641
-90.143332 29.60641
-90.14432 29.6151
-90.14551806 29.64602312
-90.18659744 29.60303571
-90.18659161 29.60303544
-90.18659878 29.60304111
-90.18659036 29.60304115
-90.19793571 29.59925488
-90.19793445 29.59924883
-90.19792925 29.59925793
-90.19794188 29.60533747
-90.19793628 29.60533452
-90.19793324 29.60534004
-90.19793891 29.605342
-90.22203871 29.5913843
-90.2220403 29.59139283
-90.22204504 29.59138769
-90.22203482 29.59138923
-90.22201985 29.59140153
-90.22201659 29.59140479
-90.22202062 29.59140405
-90.22201505 29.59140502
-90.23301603 29.59120464
-90.23302217 29.59120774
-90.2330186 29.59121322
-90.23301251 29.59120944
-90.22217594 29.59765601
-90.22218226 29.59765797
-90.22217788 29.59765017
-90.22218477 29.59765251
-90.23236211 29.60557234
-90.23235638 29.60557664
-90.23235745 29.60556802
-90.23235301 29.60557199
-90.22065008 29.60854711
-90.22065627 29.60854497
-90.22064859 29.6085424
-90.22065415 29.60854033
-90.21364236 29.61968351
-90.21364517 29.61968873
-90.21363716 29.61968639
-90.2136394 29.61969126
-90.2118883 29.62500011
-90.21189352 29.62499487
-90.21188886 29.62499187
-90.21188479 29.6249965
-90.1873961 29.63265024
-90.18739039 29.63265218
-90.1873918 29.6326567
-90.18739755 29.63265582
-90.27036172 29.83245547
-90.2703612 29.83244851
-90.27035519 29.83245456
-90.27035583 29.83244884
-90.270389 29.83233568
-90.27038283 29.83234217
-90.2703831 29.83233658
-90.27038959 29.83234071
-90.26291457 29.82962068
-90.26291727 29.82961537
-90.26291986 29.8296229
-90.2629219 29.82961796
-90.26290398 29.82949511
-90.26290991 29.82949329
-90.26291033 29.82949693
-90.26290585 29.82949781
-90.25172182 29.8226164
-90.25172211 29.82262118
-90.2517274 29.82262143
-90.25172777 29.82261608
-90.25170048 29.82249999
-90.25170097 29.82250212
-90.25169355 29.82250323
-90.25169466 29.82249932
-89.88587628 29.45695019
-89.88579263 29.45696244
-89.88569698 29.45696814
-89.88598775 29.44378733
-89.88609129 29.44383793
-89.88615316 29.44384135
-89.86900794 29.45545161
-89.86901423 29.45541433
-89.86902959 29.45538601
-89.8684282 29.46142235
-89.86839959 29.46141355
-89.86837248 29.46139919
-89.8920115 29.46081885
-89.89198203 29.46082876
-89.89204823 29.46080957
-89.89328368 29.47037426
-89.89330477 29.47037474
-89.89323097 29.47039434
-89.92741086 29.46917337
-89.9273901 29.46917699
-89.92745586 29.46918102
-89.92727437 29.46204536
-89.92729692 29.46203144
-89.92734137 29.46201898
-90.021 29.5608
-90.02073333 29.5608
-90.0207115 29.56081454
-90.022 29.54923513
-90.02149558 29.54923452
-90.02156174 29.54921745
-89.996 29.56518323
-89.99583331 29.56518166
-89.99588564 29.56517444
-89.994 29.54416403
-89.99363391 29.54414896
-89.99359164 29.54412244
-89.972 29.56969838
-89.97191767 29.56971133
-89.9719507 29.56973315
-89.967 29.55252469
-89.96735042 29.55249152
-89.96741466 29.552484
-89.62293591 29.39531641
-89.62292773 29.39531826
-89.62292583 29.39531117
-89.62293492 29.39530844
-89.6229275 29.39531838
-89.62282323 29.39548047
-89.62282299 29.39548048
-89.62281901 29.39547387
-89.62281615 29.39548373
-89.62281339 29.39547585
-89.64463741 29.40614558
-89.64463741 29.40614558
-89.6446271 29.40613398
-89.64463297 29.40613698
-89.64463103 29.40612738
-89.6446401 29.4061319
-89.64468792 29.40630005
-89.64469153 29.40630541
-89.64468011 29.40630285
-89.64468491 29.40630977
-89.65291191 29.40126884
-89.65290756 29.40126014
-89.65290486 29.40127384
-89.65290529 29.40125986
-89.65313239 29.40125305
-89.65312126 29.40125926
-89.65312367 29.40125346
-89.65312964 29.40126196
-89.65188191 29.39454315
-89.65188723 29.39453706
-89.651875 29.39453825
-89.65188006 29.39453201
-89.65207885 29.39441696
-89.65208951 29.39442044
-89.65208133 29.39442354
-89.65208763 29.39441479
-89.75725627 29.46387969
-89.75725799 29.46388608
-89.75725174 29.46388708
-89.75724894 29.4638807
-89.75702651 29.46395566
-89.75701991 29.46395509
-89.75702203 29.46395045
-89.75702764 29.46395139
-89.75863255 29.47448903
-89.75863534 29.4744844
-89.75862984 29.47448541
-89.75863655 29.47448811
-89.75840204 29.47452888
-89.75840609 29.47453473
-89.75840094 29.47453339
-89.75840739 29.47452966
-89.76645332 29.48195596
-89.7664616 29.48195696
-89.76645599 29.48195986
-89.76645772 29.48195248
-89.76637947 29.48215912
-89.76638028 29.48216383
-89.76637397 29.48215914
-89.76637504 29.48216482
-89.76637445 29.48216025
-89.76638045 29.48216482
-89.76637804 29.48216014
-89.76637456 29.48216578
-89.76638027 29.48216488
-89.77791065 29.47698518
-89.77790605 29.47698873
-89.77790203 29.47698493
-89.77790609 29.47698114
-89.77809107 29.47711312
-89.77808941 29.47711579
-89.77809371 29.47711884
-89.77809606 29.47711467
-90.61259052 29.89669505
-90.61259662 29.89669369
-90.61259103 29.89670009
-90.61259702 29.89670011
-90.61280328 29.89655261
-90.61279847 29.89655126
-90.61280626 29.89654817
-90.61280084 29.89654676
-90.61479229 29.88919644
-90.61478443 29.88919262
-90.61478521 29.88919833
-90.61479043 29.88919081
-90.61501349 29.88930542
-90.61501626 29.88930051
-90.6150189 29.88930641
-90.6150214 29.88930285
-90.60322076 29.88099923
-90.60321572 29.88100142
-90.60321776 29.88100518
-90.60322175 29.88099636
-90.60303457 29.88082833
-90.60303708 29.88082077
-90.60303763 29.88082546
-90.60303218 29.88082345
-90.60909368 29.87924206
-90.6090853 29.87923795
-90.6090925 29.87923676
-90.60908638 29.87924282
-90.60895668 29.87907977
-90.60896129 29.87908352
-90.60895282 29.87908289
-90.60895662 29.87908707
-90.59554453 29.880039
-90.59554444 29.88004392
-90.59555041 29.88003675
-90.59554852 29.88004191
-90.59556086 29.87982543
-90.59555172 29.87982386
-90.59555681 29.87982815
-90.59555669 29.87982128
-89.95703173 29.61338929
-89.95702668 29.6133827
-89.9570338 29.61337986
-89.9570378 29.61338596
-89.95680995 29.6134544
-89.9568008 29.61345302
-89.95680292 29.61344534
-89.95681055 29.61344721
-89.95937711 29.61395497
-89.95937112 29.61396354
-89.95937953 29.61396428
-89.95938541 29.61395757
-89.9596065 29.61396398
-89.95960792 29.61395734
-89.95961544 29.61396436
-89.95961604 29.61395832
-89.96052254 29.61474874
-89.96052734 29.61474501
-89.960532 29.61475036
-89.96052563 29.61475473
-89.96065199 29.61458471
-89.96064689 29.6145824
-89.96064226 29.61458055
-89.9606552 29.61457688
-89.96064909 29.61457499
-89.95670067 29.6127515
-89.956706 29.61274949
-89.95670249 29.61275815
-89.95670892 29.61275654
-89.95647312 29.61270653
-89.95646517 29.61271353
-89.95647162 29.61271459
-89.95646487 29.61270667
-89.75668157 29.47002088
-89.75669135 29.47002525
-89.75668487 29.47002773
-89.75668968 29.47001802
-89.75650463 29.47013372
-89.75649697 29.47013703
-89.75650094 29.47012723
-89.75649338 29.47013089
-89.75875499 29.45700506
-89.75874921 29.45700924
-89.75875978 29.45701283
-89.7587531 29.45701564
-89.75851679 29.4569288
-89.75852276 29.45693311
-89.75851744 29.45693772
-89.75851969 29.45693648
-89.75851131 29.45693227
-89.76911465 29.45301578
-89.76910374 29.45301225
-89.76910568 29.45301843
-89.76911234 29.45300929
-89.76930085 29.4529219
-89.76930289 29.45292628
-89.76930509 29.45291796
-89.7693102 29.45292312
-89.77870352 29.45289981
-89.7787037 29.45290587
-89.77869771 29.45289887
-89.778697 29.45290357
-89.77851051 29.45277105
-89.77851172 29.45277546
-89.77851816 29.45276965
-89.77851902 29.45277402
-89.78412091 29.46391335
-89.78412461 29.46391979
-89.78411385 29.4639167
-89.78411801 29.46392201
-89.78434013 29.46393743
-89.78434721 29.46393652
-89.78434244 29.46393342
-89.78434969 29.46393216
-90.092179 29.232522
-90.092 29.2325
-90.0344 29.2959
-90.0346 29.2959
-89.75841774 29.45947111
-89.75842455 29.45947165
-89.75842561 29.4594781
-89.75841623 29.45947759
-89.75841355 29.45947054
-89.75840634 29.45947121
-89.75840574 29.45947779
-89.75841454 29.45947778
-89.75839359 29.45947138
-89.75838647 29.45947255
-89.75838641 29.45947948
-89.75839519 29.45947978
-89.75837487 29.4594741
-89.75836709 29.45947458
-89.75837563 29.45948079
-89.75836879 29.45948207
-89.75835484 29.45947531
-89.75834856 29.45947544
-89.75834677 29.45948248
-89.75835276 29.45948218
-89.75833352 29.45947705
-89.75832571 29.45947771
-89.75832475 29.45947785
-89.75833126 29.45947755
-89.758326 29.45948493
-89.75833272 29.45948426
-89.75831176 29.45947834
-89.75830457 29.45947905
-89.75831296 29.45948465
-89.75830514 29.45948577
-89.75829339 29.45948289
-89.75829344 29.45948289
-89.758286 29.45948395
-89.75828722 29.45948932
-89.7582929 29.45948885
-89.75827158 29.45948361
-89.7582624 29.45948464
-89.75826331 29.45949159
-89.75827061 29.4594895
-89.75824324 29.4594879
-89.75825048 29.45948837
-89.75824296 29.45949321
-89.7582504 29.45949279
-89.75822982 29.459488
-89.7582225 29.45948825
-89.75822403 29.459495
-89.75822995 29.45949441
-89.75820915 29.45949028
-89.75820196 29.45949234
-89.75820842 29.45949642
-89.75820239 29.45949633
-89.75814469 29.45950695
-89.75814655 29.45951321
-89.75813813 29.45950949
-89.75813999 29.45951438
-89.76520108 29.48165327
-89.7652084 29.48165498
-89.76521047 29.48164788
-89.76519793 29.4816693
-89.76519673 29.48167575
-89.76518944 29.48167561
-89.7651907 29.48166837
-89.76517554 29.48168423
-89.76517129 29.48169053
-89.76518208 29.48168714
-89.76516487 29.48170502
-89.76516934 29.48170077
-89.76517208 29.48170953
-89.76517675 29.48170139
-89.76515698 29.48172336
-89.76516374 29.48172634
-89.76516077 29.48171822
-89.7651657 29.48171962
-89.76514823 29.48174064
-89.76515445 29.48174483
-89.76515217 29.48173545
-89.76515806 29.48173787
-89.76513725 29.48175603
-89.76514402 29.48175902
-89.76514208 29.48174969
-89.76514952 29.48175383
-89.76513793 29.48177527
-89.76513143 29.48177407
-89.76513326 29.4817676
-89.76513943 29.48176803
-89.7651216 29.4817871
-89.76512397 29.48178158
-89.76512848 29.48179082
-89.76513258 29.48178394
-89.76511155 29.48180358
-89.76511461 29.48179805
-89.76512234 29.48180207
-89.76511942 29.48180857
-89.76511161 29.48180505
-89.76510848 29.48181733
-89.76510602 29.48182239
-89.76510798 29.48181523
-89.76511604 29.4818187
-90.60304207 29.88101689
-90.60303344 29.88101276
-90.60303515 29.88101893
-90.60303715 29.88085994
-90.60304082 29.88085981
-90.60303968 29.88086455
-90.60891807 29.8793162
-90.60892041 29.87931524
-90.60892457 29.8793155
-90.60882537 29.879161
-90.60882995 29.87915748
-90.60883499 29.8791561
-90.60890943 29.87930346
-90.60891313 29.87929906
-90.60890933 29.87929797
-90.60890351 29.87928733
-90.60889939 29.87928869
-90.60889686 29.87929175
-90.60889008 29.87927023
-90.60888455 29.87926665
-90.60889043 29.87927545
-90.6088749 29.87925559
-90.60887848 29.87926048
-90.60887212 29.87925855
-90.60886203 29.87924138
-90.60886354 29.87924506
-90.60885894 29.87923942
-90.6088523 29.87922456
-90.60884704 29.87922727
-90.60885746 29.87922129
-90.60884167 29.87920892
-90.60883973 29.87921213
-90.60883672 29.87920793
-90.608835 29.87919005
-90.60884293 29.87918997
-90.60882692 29.879196
-90.60882922 29.87917188
-90.60882868 29.87917757
-90.60883891 29.87916958
